40 30
280 480 700
320 480 700
320 280 700
280 280 700
280 480 740
320 480 740
320 280 740
280 280 740
520 480 700
560 480 700
560 280 700
520 280 700
520 480 740
560 480 740
560 280 740
520 280 740
280 480 820
320 480 820
320 280 820
280 280 820
280 480 860
320 480 860
320 280 860
280 280 860
520 480 820
560 480 820
560 280 820
520 280 820
520 480 860
560 480 860
560 280 860
520 280 860
280 280 700
560 280 700
560 240 700
280 240 700
280 280 860
560 280 860
560 240 860
280 240 860
0 1 2 3
7 6 5 4
0 3 7 4
1 5 6 2
4 5 1 0
3 2 6 7
8 9 10 11
15 14 13 12
8 11 15 12
9 13 14 10
12 13 9 8
11 10 14 15
16 17 18 19
23 22 21 20
16 19 23 20
17 21 22 18
20 21 17 16
19 18 22 23
24 25 26 27
31 30 29 28
24 27 31 28
25 29 30 26
28 29 25 24
27 26 30 31
32 33 34 35
39 38 37 36
32 35 39 36
33 37 38 34
36 37 33 32
35 34 38 39
